1.
00100
01010
10001
11111
10001
2.
11111
10001
11110
10001
11111
3.
11111
10000
10000
10000
11111
4.
11100
10010
10001
10010
11100
5.
11111
10000
11110
10000
11111
6.
11111
10000
11110
10000
10000
7.
11111
10000
10111
10001
11111
8.
10001
10001
11111
10001
10001
9.
11111
00100
00100
00100
11111
10.
11111
00010
00010
10010
11110
11.
10001
10010
11100
10010
10001
12.
10000
10000
10000
10000
11111
13.
11011
11011
10101
10001
10001
14.
11001
10101
10011
10011
10001
15.
11111
10001
10001
10001
11111
16.
11111
10001
11111
10000
10000
17.
11110
10010
10010
10110
11111
18.
11111
10001
11111
10010
10001
19.
11111
10000
11111
00001
11111
20.
11111
00100
00100
00100
00100
21.
10001
10001
10001
10001
11111
22.
10001
10001
10001
01010
00100
23.
10001
10001
10101
10101
11011
24.
10001
01010
00100
01010
10001
25.
10001
01010
00100
00100
00100
26.
11111
00011
01100
10000
11111